ret(重投影误差): 0.7082015420081593 

mtx(内参矩阵):
 [[3.02084694e+03 0.00000000e+00 2.02097409e+03]
 [0.00000000e+00 3.01641050e+03 1.48529167e+03]
 [0.00000000e+00 0.00000000e+00 1.00000000e+00]]

dist(畸变参数):
 [[ 2.87948689e-01 -1.69530556e+00 -8.98027910e-06 -2.08379651e-04
   3.44813614e+00]]

rvecs(旋转向量):
 (array([[ 0.6179434 ],
       [ 0.31908663],
       [-3.05549829]]), array([[ 0.05454219],
       [-0.35309653],
       [ 3.10845029]]), array([[ 0.63019253],
       [-0.53246427],
       [ 3.02286088]]), array([[-0.00728276],
       [ 0.31308165],
       [-3.10986724]]), array([[-0.04277942],
       [ 0.1471418 ],
       [ 3.13202759]]), array([[ 0.05348146],
       [ 0.86622954],
       [-2.99771612]]), array([[-0.80356245],
       [-0.6376804 ],
       [ 2.96376891]]), array([[-0.8047577 ],
       [ 0.57407827],
       [-2.91963305]]), array([[ 0.55985055],
       [-0.09643889],
       [ 3.0127656 ]]), array([[-0.04188794],
       [-0.28644157],
       [ 3.12070154]]), array([[ 0.10694623],
       [ 0.9944352 ],
       [-2.94814325]]), array([[-0.99560904],
       [-0.0541536 ],
       [ 2.97679995]]))

tvecs(平移向量):
 (array([[ 4.52799215],
       [ 2.86492121],
       [21.98829297]]), array([[ 4.31663894],
       [ 2.08286647],
       [17.51907708]]), array([[ 4.8200206 ],
       [ 4.33704964],
       [16.04597586]]), array([[ 5.40605751],
       [ 4.40286816],
       [21.4980969 ]]), array([[ 5.38035191],
       [ 1.75890219],
       [17.49554578]]), array([[ 5.62237525],
       [ 2.88578747],
       [21.07174693]]), array([[ 4.95417073],
       [ 4.01031926],
       [24.62254059]]), array([[ 3.98518994],
       [ 5.7194302 ],
       [16.69856372]]), array([[ 5.35394396],
       [ 3.40884165],
       [20.79442946]]), array([[ 5.13161244],
       [ 3.2826782 ],
       [14.70191629]]), array([[ 6.20895057],
       [ 3.53911417],
       [25.52880423]]), array([[ 3.01544964],
       [ 2.14961618],
       [23.62946202]]))

rmat: [[-0.92219692  0.04790672 -0.38374183]
 [ 0.03241083 -0.97923169 -0.20013702]
 [-0.38536007 -0.19700313  0.90149175]]
 
xxx: [[ 0.24041666 -0.13279503 -0.59434042  0.25272498 -0.00416057  0.06128394
  -0.55408045 -0.01161207 -0.23938998]
 [-0.00583194  0.02372654  0.01697718  0.22279701  0.12782719 -0.58935324
   0.03269469 -0.62961321 -0.1236135 ]
 [ 0.05584523  0.97542612 -0.01243241 -0.92575425  0.02057245 -0.25057659
  -0.21150288  0.13494342 -0.06092179]]