ret(重投影误差): 0.2991705035712763 

mtx(内参矩阵):
 [[596.34925072   0.         400.35710334]
 [  0.         596.49697012 300.47081541]
 [  0.           0.           1.        ]]

dist(畸变参数):
 [[ 9.86732100e-02 -4.94565440e-01 -4.51708734e-04  2.89052556e-04
   8.22459145e-01]]

rvecs(旋转向量):
 (array([[-0.0483275 ],
       [-0.05556281],
       [ 0.00805537]]), array([[-0.12482361],
       [ 0.15589444],
       [-0.07529847]]), array([[-0.17208193],
       [ 0.10014288],
       [-0.37814094]]), array([[-0.12937114],
       [ 0.11474067],
       [ 0.48904626]]), array([[0.30262844],
       [0.16153906],
       [0.03016236]]), array([[0.01218194],
       [0.56805057],
       [0.0150598 ]]), array([[-0.02910297],
       [-0.39260678],
       [-0.02031562]]), array([[-0.27239019],
       [-0.36934551],
       [ 0.12117097]]), array([[ 0.22883962],
       [-0.30550396],
       [-0.12688241]]), array([[ 0.06883582],
       [-0.27973277],
       [-0.06456626]]), array([[-0.2665373 ],
       [-0.18509018],
       [ 0.38498412]]), array([[ 0.09783529],
       [-0.21184964],
       [-0.48961838]]), array([[ 0.22456139],
       [ 0.00599968],
       [-3.1315238 ]]), array([[-0.13385948],
       [ 0.02546384],
       [ 3.10821897]]), array([[-0.22103183],
       [ 0.42966368],
       [ 3.05841508]]), array([[-0.30544462],
       [ 0.14871615],
       [-0.00088896]]), array([[ 0.53408529],
       [-0.0570036 ],
       [-3.09405172]]), array([[-0.04959992],
       [-0.10507676],
       [-3.13857081]]), array([[-0.0972829 ],
       [-0.08890497],
       [ 0.01960093]]), array([[-0.04695007],
       [-0.05096119],
       [ 0.00242619]]))

tvecs(平移向量):
 (array([[-5.10950901],
       [-3.5968187 ],
       [11.46798319]]), array([[-5.34692873],
       [-2.33824896],
       [15.22132842]]), array([[-6.66370674],
       [-1.96070636],
       [16.17246744]]), array([[-3.82328879],
       [-6.018957  ],
       [16.54680246]]), array([[-4.9435746 ],
       [-3.07981029],
       [14.85922338]]), array([[-3.24290814],
       [-2.96563331],
       [19.11045941]]), array([[-5.52649741],
       [-3.71547625],
       [13.51249348]]), array([[-5.42691125],
       [-4.82841549],
       [15.73737987]]), array([[-5.65883871],
       [-2.49344284],
       [12.65345768]]), array([[-8.39596371],
       [-3.37357282],
       [18.50073015]]), array([[-4.33103294],
       [-6.34633743],
       [17.95789934]]), array([[-6.31644824],
       [-0.45757419],
       [15.64658722]]), array([[ 4.42941566],
       [ 3.13136018],
       [13.70176585]]), array([[ 4.99820096],
       [ 3.16938428],
       [12.27810746]]), array([[ 5.44629736],
       [ 2.74309002],
       [13.52069021]]), array([[-5.05402982],
       [-3.90868274],
       [14.38000027]]), array([[ 4.56436514],
       [ 3.41833006],
       [14.47865812]]), array([[ 4.97508761],
       [ 3.49077028],
       [10.4646629 ]]), array([[-5.39953982],
       [-3.29743903],
       [13.41953883]]), array([[-5.25639585],
       [-3.61647622],
       [11.51986495]]))

旋转矩阵: 
[[ 0.99842466 -0.00670601 -0.05570656]
 [ 0.00938999  0.99880033  0.04805963]
 [ 0.05531744 -0.048507    0.99728985]]