ret(重投影误差): 0.5038563697813989 

mtx(内参矩阵):
 [[1.19437105e+03 0.00000000e+00 8.01494362e+02] 
 [0.00000000e+00 1.19468510e+03 6.01458176e+02]  
 [0.00000000e+00 0.00000000e+00 1.00000000e+00]] 

dist(畸变参数):
 [[ 9.72745146e-02 -4.79679333e-01 -4.39099967e-04  2.92921225e-04
   7.84985956e-01]]

rvecs(旋转向量):
 (array([[-0.04850185],
       [-0.05567886],
       [ 0.00820736]]), array([[-0.12498978],
       [ 0.15608986],
       [-0.07538429]]), array([[-0.17218168],
       [ 0.10020166],
       [-0.37818996]]), array([[-0.12965018],
       [ 0.11452921],
       [ 0.4889843 ]]), array([[0.30254191],
       [0.16158022],
       [0.03036496]]), array([[0.01267806],
       [0.56842804],
       [0.01519691]]), array([[-0.02854204],
       [-0.392287  ],
       [-0.02036329]]), array([[-0.27278997],
       [-0.36938316],
       [ 0.12108807]]), array([[ 0.2296506 ],
       [-0.30702586],
       [-0.12658557]]), array([[ 0.06766109],
       [-0.28071357],
       [-0.06487131]]), array([[-0.26935896],
       [-0.1857759 ],
       [ 0.38443598]]), array([[ 0.098121  ],
       [-0.21204921],
       [-0.48960349]]), array([[ 0.22446616],
       [ 0.00609212],
       [-3.13151213]]), array([[-0.13416071],
       [ 0.02687363],
       [ 3.10817503]]), array([[-0.22161519],
       [ 0.42986735],
       [ 3.05833081]]), array([[-0.30569748],
       [ 0.14857984],
       [-0.00078407]]), array([[ 0.53391222],
       [-0.05673048],
       [-3.09400386]]), array([[-0.04955657],
       [-0.10551255],
       [-3.13856021]]), array([[-0.09705467],
       [-0.08890666],
       [ 0.01963871]]), array([[-0.04710545],
       [-0.05093327],
       [ 0.0024246 ]])) 

tvecs(平移向量):
 (array([[-204.47048381],
       [-143.89150775],
       [ 459.43122869]]), array([[-213.99781476],
       [ -93.53809926],
       [ 609.73708859]]), array([[-266.6842423 ],
       [ -78.41209888],
       [ 647.85414379]]), array([[-153.09185074],
       [-240.74714866],
       [ 662.82510717]]), array([[-197.8537719 ],
       [-123.26749521],
       [ 595.24277475]]), array([[-129.8288699 ],
       [-118.68386963],
       [ 765.249235  ]]), array([[-221.23966272],
       [-148.62228416],
       [ 541.43344324]]), array([[-217.25865029],
       [-193.13075828],
       [ 630.48102449]]), array([[-226.25468148],
       [ -99.82939052],
       [ 506.43399236]]), array([[-336.34297453],
       [-134.89577974],
       [ 741.41222406]]), array([[-173.58803298],
       [-253.74268995],
       [ 719.86252099]]), array([[-252.79212273],
       [ -18.31253922],
       [ 626.82052822]]), array([[177.04573843],
       [125.22631573],
       [548.8916838 ]]), array([[199.83224473],
       [126.75383412],
       [491.7698088 ]]), array([[217.73607373],
       [109.73731385],
       [541.69512259]]), array([[-202.26948917],
       [ 575.88547032]]), array([[182.42154431],
       [136.73172041],
       [579.91658395]]), array([[198.91931695],
       [139.60808553],
       [419.19316152]]), array([[-216.11300214],
       [-131.91392304],
       [ 537.59064918]]), array([[-210.36514325],
       [-144.66004891],
       [ 461.47364375]]))